# Voltaje_EMG
2.4291
2.4731
2.5367
2.4242
2.5318
2.4682
2.4536
2.5513
2.4242
2.5073
2.5122
2.4340
2.5513
2.4389
2.4780
2.5367
2.4194
2.5318
2.4731
2.4487
2.5513
2.4242
2.5024
2.5024
2.4340
2.5562
2.4487
2.4731
2.5415
2.4242
2.5318
2.4878
2.4536
2.5611
2.4291
2.5269
2.5073
2.4487
2.5367
2.4438
2.4731
2.5758
2.4438
2.5367
2.4976
2.4536
2.5415
2.4438
2.5073
2.4585
2.4585
2.5269
2.4780
2.4096
2.6149
2.4340
2.5415
2.5318
2.4976
2.5611
2.5269
2.4976
2.5562
2.5073
2.5513
2.5415
2.5367
2.6246
2.4340
2.5367
2.5318
2.4731
2.5758
2.4976
2.5073
2.5855
2.5513
2.5562
2.5024
2.5318
2.5855
2.4438
2.5513
2.5953
2.5415
2.5758
2.4927
2.5122
2.6051
2.4878
2.5709
2.5855
2.4585
2.6393
2.4976
2.4536
2.5709
2.4633
2.4633
2.5562
2.4976
2.4291
2.5367
2.5806
2.4536
2.4585
2.5709
2.4096
2.6100
2.5269
2.4536
2.6149
2.4291
2.4487
2.5122
2.4878
2.5220
2.4438
2.5562
2.5806
2.3803
2.4976
2.4340
2.4340
2.5562
2.4291
2.5758
2.4487
2.5806
2.3900
2.5367
2.3118
2.8152
2.3900
2.5171
2.4927
2.2776
2.4976
2.2923
2.5415
2.3949
2.4633
2.5367
2.4389
2.5513
2.4633
2.3265
2.4633
2.5904
2.3363
2.4487
2.6051
2.3851
2.5904
2.2923
2.3705
2.4194
2.3558
2.5806
2.4096
2.4878
2.5122
2.5024
2.3656
2.3460
2.3412
2.5758
2.4194
2.4438
2.3607
2.3607
2.4047
2.3509
2.4536
2.4340
2.3705
2.4633
2.3851
2.3754
2.4682
2.3851
2.4731
2.4878
2.2972
2.4633
2.3607
2.4242
2.4194
2.3949
2.4927
2.4291
2.4291
2.5220
2.3949
2.4731
2.4536
2.4291
2.5513
2.4194
2.4780
2.5464
2.4780
2.5464
2.5024
2.4194
2.5367
2.3998
2.4927
2.5122
2.4340
2.5562
2.4340
2.4780
2.5318
2.4145
2.5367
2.4731
2.4438
2.5660
2.4291
2.5318
2.5269
2.4536
2.5904
2.4878
2.4927
2.5611
2.4340
2.5415
2.4682
2.4487
2.5660
2.4731
2.4976
2.5269
2.4194
2.5660
2.4291
2.4585
2.5367
2.3998
2.5171
2.4487
2.4242
2.5367
2.4096
2.4731
2.4976
2.3949
2.5318
2.4145
2.4487
2.5220
2.3998
2.5269
2.4389
2.4194
2.5415
2.3998
2.4731
2.4976
2.4145
2.5415
2.4389
2.4389
2.5269
2.3998
2.5024
2.4682
2.4145
2.5415
2.4194
2.4829
2.5073
2.4047
2.5513
2.4536
2.4291
2.5367
2.4096
2.5122
2.4976
2.4242
2.5513
2.4291
2.4780
2.5269
2.4096
2.5318
2.4487
2.4536
2.5464
2.4047
2.5122
2.4878
2.4242
2.5562
2.4291
2.4780
2.5318
2.4291
2.5367
2.4633
2.4536
2.5562
2.4242
2.5171
2.4878
2.4194
2.5611
2.4242
2.5024
2.5024
2.3900
2.5367
2.4731
2.4585
2.5660
2.4291
2.5171
2.5073
2.4291
2.5611
2.4438
2.4731
2.5415
2.4242
2.5269
2.4780
2.4536
2.5709
2.4242
2.5122
2.5171
2.4291
2.5464
2.4438
2.4682
2.5611
2.4194
2.5367
2.4927
2.4487
2.5660
2.4340
2.5073
2.5171
2.4389
2.5611
2.4585
2.4731
2.5562
2.4242
2.5269
2.4829
2.4438
2.5660
2.4389
2.5122
2.5269
2.4340
2.5611
2.4536
2.4633
2.5660
2.4340
2.5318
2.5073
2.4438
2.5660
2.4389
2.4976
2.5367
2.4438
2.5513
2.4585
2.4731
2.5562
2.4242
2.5220
2.4976
2.4438
2.5709
2.4438
2.4927
2.5464
2.4389
2.5513
2.4682
2.4633
2.5709
2.4291
2.5171
2.5024
2.4340
2.5611
2.4438
2.4878
2.5464
2.4340
2.5464
2.4780
2.4633
2.5758
2.4340
2.5220
2.5122
2.4340
2.5709
2.4438
2.4829
2.5464
2.4242
2.5464
2.4780
2.4585
2.5709
2.4340
2.5171
2.5220
2.4438
2.5709
2.4487
2.4780
2.5464
2.4047
2.5269
2.4731
2.4389
2.5611
2.4242
2.4927
2.5024
2.4389
2.5709
2.4536
2.4829
2.5562
2.4340
2.5415
2.4878
2.4536
2.5855
2.4340
2.5073
2.5367
2.4340
2.5660
2.4633
2.4780
2.5709
2.4242
2.5269
2.5073
2.4487
2.5709
2.4340
2.5024
2.5318
2.4242
2.5513
2.4633
2.4682
2.5611
2.4291
2.5269
2.4927
2.4438
2.5709
2.4340
2.4878
2.5367
2.4291
2.5513
2.4633
2.4633
2.5660
2.4291
2.5171
2.4976
2.4389
2.5660
2.4438
2.4780
2.5367
2.4340
2.5562
2.4780
2.4633
2.5660
2.4340
2.5122
2.5024
2.4340
2.5562
2.4389
2.4829
2.5562
2.4145
2.5415
2.4829
2.4536
2.5611
2.4242
2.5171
2.5122
2.4291
2.5611
2.4389
2.4780
2.5513
2.4242
2.5415
2.4780
2.4633
2.5562
2.4242
2.5024
2.5171
2.4340
2.5660
2.4438
2.4829
2.5464
2.4242
2.5269
2.4878
2.4487
2.5709
2.4340
2.5024
2.5171
2.4291
2.5611
2.4536
2.4682
2.5464
2.4291
2.5269
2.4829
2.4340
2.5611
2.4242
2.4731
2.5073
2.4145
2.5464
2.4536
2.4585
2.5464
2.4096
2.5367
2.5024
2.4487
2.5758
2.4389
2.4927
2.5269
2.4340
2.5513
2.4633
2.4633
2.5562
2.4194
2.5220
2.4976
2.4389
2.5611
2.4291
2.4878
2.5318
2.4194
2.5513
2.4633
2.4536
2.5562
2.4194
2.5220
2.4976
2.4438
2.5660
2.4438
2.4780
2.5318
2.4194
2.5415
2.4633
2.4438
2.5562
2.4194
2.5073
2.5024
2.4389
2.5660
2.4438
2.4780
2.5415
2.4291
2.5367
2.4682
2.4438
2.5513
2.4194
2.4976
2.5073
2.4242
2.5562
2.4389
2.4682
2.5464
2.4242
2.5269
2.4878
2.4438
2.5611
2.4340
2.4976
2.5220
2.4340
2.5562
2.4487
2.4682
2.5464
2.4194
2.5269
2.4829
2.4389
2.5611
2.4242
2.4927
2.5269
2.4242
2.5513
2.4585
2.4633
2.5464
2.4242
2.5220
2.4927
2.4340
2.5562
2.4291
2.4878
2.5318
2.4242
2.5464
2.4585
2.4585
2.5562
2.4145
2.5171
2.4976
2.4340
2.5562
2.4291
2.4829
2.5220
2.4145
2.5367
2.4536
2.4389
2.5367
2.3900
2.4927
2.4829
2.4194
2.5464
2.4194
2.4389
2.5464
2.4340
2.5513
2.4731
2.4536
2.5611
2.4291
2.5171
2.5171
2.4340
2.5611
2.4487
2.4878
2.5415
2.4340
2.5367
2.4682
2.4536
2.5709
2.4242
2.5073
2.5171
2.4340
2.5611
2.4438
2.4682
2.5464
2.4145
2.5269
2.4731
2.4340
2.5513
2.4194
2.4927
2.5122
2.4242
2.5562
2.4340
2.4780
2.5513
2.4194
2.5269
2.4780
2.4389
2.5660
2.4291
2.4927
2.5220
2.4242
2.5513
2.4487
2.4585
2.5513
2.4145
2.5220
2.4878
2.4389
2.5709
2.4340
2.4927
2.5318
2.4194
2.5513
2.4536
2.4487
2.5513
2.4242
2.5171
2.4878
2.4291
2.5562
2.4340
2.4829
2.5318
2.4194
2.5415
2.4585
2.4585
2.5562
2.4242
2.5171
2.4976
2.4340
2.5611
2.4389
2.4731
2.5318
2.4242
2.5415
2.4682
2.4487
2.5562
2.4242
2.4976
2.4976
2.4340
2.5513
2.4389
2.4731
2.5415
2.4194
2.5318
2.4780
2.4438
2.5562
2.4242
2.5024
2.5073
2.4291
2.5513
2.4340
2.4438
2.5269
2.4096
2.5220
2.4536
2.4291
2.5269
2.4340
2.5024
2.5220
2.4340
2.5611
2.4585
2.4731
2.5562
2.4291
2.5269
2.4878
2.4438
2.5660
2.4291
2.4927
2.5269
2.4291
2.5513
2.4536
2.4633
2.5562
2.4242
2.5269
2.4927
2.4340
2.5562
2.4242
2.4829
2.5269
2.4194
2.5464
2.4536
2.4487
2.5464
2.4242
2.5122
2.4927
2.4340
2.5611
2.4389
2.4829
2.5318
2.4242
2.5415
2.4682
2.4633
2.5611
2.4242
2.5122
2.5024
2.4291
2.5660
2.4340
2.4780
2.5367
2.4145
2.5269
2.4633
2.4389
2.5464
2.4291
2.5073
2.5073
2.4291
2.5611
2.4438
2.4633
2.5367
2.4242
2.5367
2.4829
2.4536
2.5611
2.4145
2.4927
2.5171
2.4291
2.5562
2.4487
2.4682
2.5562
2.4291
2.5318
2.4829
2.4389
2.5611
2.4194
2.5073
2.5122
2.4291
2.5415
2.4487
2.4585
2.5464
2.4194
2.5220
2.4878
2.4340
2.5562
2.4242
2.4878
2.5269
2.4242
2.5562
2.4633
2.4633
2.5464
2.4194
2.5171
2.4927
2.4291
2.5318
2.4096
2.4585
2.5367
2.4047
2.5171
2.4291
2.4487
2.5660
2.4291
2.5269
2.5024
2.4389
2.5611
2.4340
2.4878
2.5513
2.4291
2.5415
2.4682
2.4536
2.5660
2.4291
2.5073
2.5073
2.4291
2.5562
2.4438
2.4780
2.5367
2.4194
2.5318
2.4731
2.4438
2.5611
2.4242
2.4976
2.5122
2.4194
2.5513
2.4487
2.4633
2.5464
2.4145
2.5318
2.4829
2.4389
2.5660
2.4389
2.4927
2.5171
2.4242
2.5513
2.4536
2.4585
2.5415
2.4194
2.5171
2.4829
2.4340
2.5562
2.4291
2.4878
2.5269
2.4194
2.5367
2.4585
2.4585
2.5562
2.4194
2.5220
2.4976
2.4389
2.5611
2.4389
2.4829
2.5318
2.4194
2.5415
2.4633
2.4536
2.5513
2.4194
2.5073
2.4976
2.4340
2.5513
2.4487
2.4878
2.5415
2.4242
2.5415
2.4780
2.4682
2.5611
2.4291
2.5171
2.5122
2.4340
2.5513
2.4487
2.4780
